<?xml version="1.0" encoding="UTF-8"?>
<document version="2.0.0">
  <chunk label="Chunk 2" enabled="true">
    <sensors next_id="2">
      <sensor id="0" label="COL-L29 (3.95mm)" type="frame">
        <resolution width="3456" height="4608"/>
        <property name="pixel_width" value="0.0010989141618891018"/>
        <property name="pixel_height" value="0.0010989141618891018"/>
        <property name="focal_length" value="3.9500000000000002"/>
        <property name="layer_index" value="0"/>
        <bands>
          <band label="Red"/>
          <band label="Green"/>
          <band label="Blue"/>
        </bands>
        <data_type>uint8</data_type>
        <calibration type="frame" class="adjusted">
          <resolution width="3456" height="4608"/>
          <f>3646.9000344211659</f>
          <cx>30.492536274183632</cx>
          <cy>4.1943274369018866</cy>
          <k1>-0.0019722916569645185</k1>
          <k2>-0.11570239204792697</k2>
          <k3>0.23819160194261677</k3>
          <p1>0.0012369780755643041</p1>
          <p2>-5.8811010723322515e-05</p2>
        </calibration>
        <covariance>
          <params>f cx cy k1 k2 k3 p1 p2</params>
          <coeffs>0.047910731151500359 0.001557033159812629 -0.0086630768690813542 -2.4356626820727188e-06 1.6632244688423046e-05 -9.7303937512547985e-06 -1.2739865794801483e-07 -6.6677258355324611e-07 0.001557033159812629 0.070094336393991541 0.0015546126490690955 -2.988250968025922e-06 1.2272278840421139e-05 -1.9746821604154431e-05 3.7587924352405248e-06 1.9469582208395677e-07 -0.0086630768690813542 0.0015546126490690955 0.092491792594056849 -2.8799629913069208e-08 6.7778378031947953e-06 -1.9266569301214631e-05 1.0450869018936386e-07 5.8506627230320502e-06 -2.4356626820727188e-06 -2.988250968025922e-06 -2.8799629913069208e-08 2.82625396847244e-08 -1.2646061993125336e-07 1.671740740028227e-07 -9.409533649636362e-11 -6.2015939914515879e-12 1.6632244688423046e-05 1.2272278840421139e-05 6.7778378031947953e-06 -1.2646061993125336e-07 6.2189003746061418e-07 -8.6225477910176228e-07 4.5599542181984423e-10 5.8090821164804126e-10 -9.7303937512547985e-06 -1.9746821604154431e-05 -1.9266569301214631e-05 1.671740740028227e-07 -8.6225477910176228e-07 1.2470376388141736e-06 -8.398844157643908e-10 -1.4588851444078885e-09 -1.2739865794801483e-07 3.7587924352405248e-06 1.0450869018936386e-07 -9.409533649636362e-11 4.5599542181984423e-10 -8.398844157643908e-10 3.0607966836151601e-10 1.4554045260975451e-11 -6.6677258355324611e-07 1.9469582208395677e-07 5.8506627230320502e-06 -6.2015939914515879e-12 5.8090821164804126e-10 -1.4588851444078885e-09 1.4554045260975451e-11 4.8396377165787901e-10</coeffs>
        </covariance>
        <meta>
          <property name="Exif/Make" value="HUAWEI"/>
          <property name="Exif/Model" value="COL-L29"/>
          <property name="Exif/Software" value="COL-L29 9.0.0.207(C432E4R1P12)"/>
        </meta>
      </sensor>
      <sensor id="1" label="COL-L29 (3.95mm)" type="frame">
        <resolution width="4608" height="3456"/>
        <property name="pixel_width" value="0.0010989141618891018"/>
        <property name="pixel_height" value="0.0010989141618891018"/>
        <property name="focal_length" value="3.9500000000000002"/>
        <property name="layer_index" value="0"/>
        <bands>
          <band label="Red"/>
          <band label="Green"/>
          <band label="Blue"/>
        </bands>
        <data_type>uint8</data_type>
        <calibration type="frame" class="adjusted">
          <resolution width="4608" height="3456"/>
          <f>3728.7596134162527</f>
          <cx>-2.3245046767124244</cx>
          <cy>-26.011796849517673</cy>
          <k1>-0.048116706294449349</k1>
          <k2>0.067394226930052162</k2>
          <k3>0.068508405870225955</k3>
          <p1>0.0031388477150791467</p1>
          <p2>-0.0046176819394389739</p2>
        </calibration>
        <covariance>
          <params>f cx cy k1 k2 k3 p1 p2</params>
          <coeffs>90.681816240642078 -5.1415910923999686 24.928650824841551 0.0030718461691049115 0.0087459130688823297 0.0050717863939862733 -0.00064277766303300727 0.0010379403265582633 -5.1415910923999686 49.788466871626277 -1.4423415326398741 -0.0021284069201496863 -0.0044639657673167538 0.016258196339415779 0.0038758607039424543 -0.00026505032231060715 24.928650824841551 -1.4423415326398741 113.56112326064998 0.0096652541675391196 -0.022949873308811916 0.0066987415929053752 -0.00044827695908121652 0.0071452353907263712 0.0030718461691049115 -0.0021284069201496863 0.0096652541675391196 8.7466070813629485e-06 -2.9097092927237641e-05 3.6286967745288017e-05 -2.538128168419073e-07 8.8072505931141955e-07 0.0087459130688823297 -0.0044639657673167538 -0.022949873308811916 -2.9097092927237641e-05 0.00013002892468727523 -0.00016840581593454966 -1.9120242986850763e-07 -1.6426165535430031e-06 0.0050717863939862733 0.016258196339415779 0.0066987415929053752 3.6286967745288017e-05 -0.00016840581593454966 0.00024090653447026523 1.2033849565893126e-06 4.8605725310294313e-07 -0.00064277766303300727 0.0038758607039424543 -0.00044827695908121652 -2.538128168419073e-07 -1.9120242986850763e-07 1.2033849565893126e-06 3.8853126064841941e-07 -4.6228123720308095e-08 0.0010379403265582633 -0.00026505032231060715 0.0071452353907263712 8.8072505931141955e-07 -1.6426165535430031e-06 4.8605725310294313e-07 -4.6228123720308095e-08 6.0964178446122025e-07</coeffs>
        </covariance>
        <meta>
          <property name="Exif/Make" value="HUAWEI"/>
          <property name="Exif/Model" value="COL-L29"/>
          <property name="Exif/Software" value="COL-L29 9.0.0.207(C432E4R1P12)"/>
        </meta>
      </sensor>
    </sensors>
    <components next_id="2" active_id="1">
      <component id="1" label="Component 1">
        <region>
          <center>0.59166049250256125 -0.54946705536632934 -10.673460350956077</center>
          <size>21.839204931259154 12.422522115707396 12.655400371551515</size>
          <R>-0.082976392658853343 0.9493019585261856 0.30321726500922125 0.19205096054114529 0.31379561231549913 -0.92986490537430466 -0.97787082317479301 -0.018923668510345864 -0.20835198092066051</R>
        </region>
        <partition>
          <partition>
            <camera_ids>70 71 72 77 78 79 80 81 82 83 84 85 86 87 88 89 90 91 92 93 94 95 96 97 98 99 100 101 104 105 106 107 108 109 110 111 112 113 114 115 116 117 118 119 120 121 122 170 171 172 173 174 175 176 186</camera_ids>
          </partition>
          <partition>
            <camera_ids>0 1 2 3 4 5 6 7 8 9 10 11 12 13 14 15 16 17 18 19 20 21 22 23 24 25 26 27 28 29 30 31 32 33 34 35 36 37 38 39 40 41 42 43 44 45 46 47 48 49 50 51 52 53 54 55 56 57 58 59 60 62 63 64 65 66 67 68 69 73 74 75 76 102 103 188 189 190</camera_ids>
          </partition>
          <partition>
            <camera_ids>123 124 125 126 127 128 129 130 131 132 133 134 135 136 137 138 139 140 141 142 143 144 145 146 147 148 149 150 151 152 153 154 155 156 157 158 159 160 161 162 163 164 165 166 167 168 169 177 178 179 180 181 182 183 184 185</camera_ids>
          </partition>
        </partition>
      </component>
    </components>
    <cameras next_id="191" next_group_id="0">
      <camera id="0" sensor_id="0" component_id="1" label="IMG_20190412_122418">
        <transform>0.47267181004972725 -0.17997089183825205 0.86266554241795124 -11.191422377336403 -0.19436610374548366 -0.97610736707320545 -0.097140237081316611 0.88484204919078124 0.8595366063752693 -0.12175748862537611 -0.49635867703156655 -3.2193048809710478 0 0 0 1</transform>
        <rotation_covariance>9.3354481233759201e-09 -1.7283435858086509e-09 -1.5554154259794751e-09 -1.7283435858086501e-09 1.3222044287907308e-08 -1.0169282197331874e-09 -1.5554154259794759e-09 -1.0169282197331878e-09 6.9963232325327396e-09</rotation_covariance>
        <location_covariance>0.00021509758165715043 -4.1584490473793186e-05 -2.8428452875876082e-05 -4.1584490473793186e-05 9.3532909993048446e-06 4.8321769380382292e-06 -2.8428452875876082e-05 4.8321769380382292e-06 5.9743142586657039e-06</location_covariance>
      </camera>
      <camera id="29" sensor_id="0" component_id="1" label="IMG_20190412_122418">
        <transform>0.47267181432710181 -0.17997014528471733 0.86266569582134389 -11.191429932186562 -0.19436620221585277 -0.97610743725767735 -0.097139334805398714 0.8848318702700696 0.85953658175607128 -0.12175802945369497 -0.49635858699799007 -3.2193022918548433 0 0 0 1</transform>
        <rotation_covariance>9.3348580484587532e-09 -1.7280202973183707e-09 -1.5556627632809257e-09 -1.7280202973183707e-09 1.3222023559567498e-08 -1.0168894604958059e-09 -1.5556627632809245e-09 -1.0168894604958057e-09 6.9962733031231756e-09</rotation_covariance>
        <location_covariance>0.00021509786229365247 -4.1584383397316662e-05 -2.8428472624671478e-05 -4.1584383397316662e-05 9.3530719290935832e-06 4.8322412886012561e-06 -2.8428472624671478e-05 4.8322412886012561e-06 5.9742980958873433e-06</location_covariance>
      </camera>
      <camera id="1" sensor_id="0" component_id="1" label="IMG_20190412_122420">
        <transform>0.60552969657678868 -0.16909163942823574 0.7776514669433171 -9.461090963657373 -0.18097140300193426 -0.98082332036632847 -0.072353061587488887 0.39690877398893842 0.77497299169657052 -0.096920749589770636 -0.62451839880008653 -1.0873375642870615 0 0 0 1</transform>
        <rotation_covariance>8.8233548831734701e-09 -2.4277829405644878e-09 -1.132109452833867e-09 -2.4277829405644874e-09 1.2191316218192755e-08 -1.4892284229396392e-10 -1.1321094528338682e-09 -1.4892284229396439e-10 5.4867635576705845e-09</rotation_covariance>
        <location_covariance>0.0001503876065836183 -2.6584886236190884e-05 -5.9994493290605976e-05 -2.6584886236190884e-05 6.0450446520733924e-06 9.9850489404304386e-06 -5.9994493290605976e-05 9.9850489404304386e-06 2.6130247333546082e-05</location_covariance>
      </camera>
      <camera id="30" sensor_id="0" component_id="1" label="IMG_20190412_122420">
        <transform>0.6055299320202866 -0.16909145713941676 0.77765132324839259 -9.4610882463942225 -0.18097147561790614 -0.98082333098452679 -0.072352736016648697 0.39690418599273486 0.77497279077409265 -0.096920960162836051 -0.62451861544787346 -1.0873357793384628 0 0 0 1</transform>
        <rotation_covariance>8.8238017454593879e-09 -2.4279659808967925e-09 -1.1321180689541673e-09 -2.4279659808967925e-09 1.2192130549227172e-08 -1.4901943663391542e-10 -1.1321180689541665e-09 -1.4901943663391584e-10 5.4867622463304805e-09</rotation_covariance>
        <location_covariance>0.00015038756473100082 -2.658484463365987e-05 -5.9994448589565385e-05 -2.658484463365987e-05 6.0450990678771518e-06 9.9850024741319122e-06 -5.9994448589565385e-05 9.9850024741319122e-06 2.6130353523302421e-05</location_covariance>
      </camera>
      <camera id="2" sensor_id="0" component_id="1" label="IMG_20190412_122421">
        <transform>0.42095985940508984 -0.19688849983592066 0.88545339538679746 -11.466037602963716 -0.19269865138892583 -0.97328845036206157 -0.1248071397985962 1.0181978085512753 0.88637465358759959 -0.11808687913641283 -0.4476555176173812 -3.3392021922583477 0 0 0 1</transform>
        <rotation_covariance>1.0283449428761107e-08 -1.659522041391662e-09 -1.6057946435971178e-09 -1.6595220413916622e-09 1.4509511908233154e-08 -8.0486760126398966e-10 -1.6057946435971182e-09 -8.0486760126398873e-10 7.4914054899465851e-09</rotation_covariance>
        <location_covariance>0.00022657098037296024 -4.5446790061866744e-05 -2.6600997899661303e-05 -4.5446790061866744e-05 1.0586385766653935e-05 4.634131015232612e-06 -2.6600997899661303e-05 4.634131015232612e-06 5.5609114923387532e-06</location_covariance>
      </camera>
      <camera id="31" sensor_id="0" component_id="1" label="IMG_20190412_122421">
        <transform>0.42095985940508945 -0.19688849983592063 0.88545339538679757 -11.466037602963709 -0.19269865138892564 -0.97328845036206146 -0.12480713979859601 1.0181978085512748 0.88637465358759948 -0.11808687913641278 -0.44765551761738104 -3.3392021922583512 0 0 0 1</transform>
        <rotation_covariance>1.028344942876121e-08 -1.6595220413916434e-09 -1.6057946435971402e-09 -1.6595220413916434e-09 1.4509511908234981e-08 -8.0486760126384491e-10 -1.6057946435971402e-09 -8.0486760126384398e-10 7.4914054899465371e-09</rotation_covariance>
        <location_covariance>0.00022657098037296011 -4.5446790061867137e-05 -2.6600997899661174e-05 -4.5446790061867137e-05 1.0586385766654116e-05 4.6341310152325798e-06 -2.6600997899661174e-05 4.6341310152325798e-06 5.5609114923389404e-06</location_covariance>
      </camera>
      <camera id="3" sensor_id="0" component_id="1" label="IMG_20190412_122423">
        <transform>0.27608661965112613 -0.22767325455950838 0.9337778470320961 -12.343020462681491 -0.23204292600583326 -0.95858905229975289 -0.16511544234781239 1.3533377653600045 0.93270159158235955 -0.17109037953474684 -0.31748357924527415 -5.3138402799728999 0 0 0 1</transform>
        <rotation_covariance>1.1309546659170829e-08 -4.9628579833242586e-10 -2.1384845709800553e-09 -4.9628579833242503e-10 1.6478534539875886e-08 -1.2871779920608713e-09 -2.1384845709800545e-09 -1.2871779920608711e-09 8.8469426905270628e-09</rotation_covariance>
        <location_covariance>0.00026472596033177205 -5.6570247904994861e-05 1.5851442927228116e-05 -5.6570247904994861e-05 1.3590339272441989e-05 -4.1494782720761896e-06 1.5851442927228116e-05 -4.1494782720761896e-06 3.7099264888132547e-06</location_covariance>
      </camera>
      <camera id="32" sensor_id="0" component_id="1" label="IMG_20190412_122423">
        <transform>0.27608585205757114 -0.22767419862069574 0.93377784380229745 -12.343018445703793 -0.23204323980191982 -0.95858880290642223 -0.1651164492249656 1.3533507196266856 0.93270174072737366 -0.17109052055814117 -0.31748306509051905 -5.3138455673970979 0 0 0 1</transform>
        <rotation_covariance>1.1309149171759844e-08 -4.9607138462692189e-10 -2.1382462491517868e-09 -4.960713846269223e-10 1.647846800657562e-08 -1.2873131934622407e-09 -2.1382462491517868e-09 -1.2873131934622407e-09 8.8468021201255354e-09</rotation_covariance>
        <location_covariance>0.00026472586580728817 -5.6570541584253602e-05 1.5851562318964272e-05 -5.6570541584253602e-05 1.3590409384333389e-05 -4.1495020693611457e-06 1.5851562318964272e-05 -4.1495020693611457e-06 3.7099342937694748e-06</location_covariance>
      </camera>
      <camera id="4" sensor_id="0" component_id="1" label="IMG_20190412_122424">
        <transform>0.12003959804417985 -0.21221325224780513 0.96982267991205562 -13.292546460771479 -0.22275435592593684 -0.95773565015971107 -0.18199703659448876 1.865910466469981 0.96745593792038587 -0.19418537530814156 -0.16223762880116133 -7.441779691466806 0 0 0 1</transform>
        <rotation_covariance>1.2327782460254693e-08 5.4238024317064799e-10 -3.0475080825833645e-09 5.4238024317064758e-10 1.7170750608290704e-08 -1.8164307651976189e-09 -3.0475080825833654e-09 -1.8164307651976177e-09 1.0154500273299346e-08</rotation_covariance>
        <location_covariance>0.00030953118988447911 -7.3589306129993564e-05 6.9057977789747742e-05 -7.3589306129993564e-05 1.901646470038998e-05 -1.7278664776603217e-05 6.9057977789747742e-05 -1.7278664776603217e-05 1.8812524971534565e-05</location_covariance>
      </camera>
      <camera id="33" sensor_id="0" component_id="1" label="IMG_20190412_122424">
        <transform>0.12003959804417932 -0.21221325224780582 0.96982267991205584 -13.292546460771483 -0.2227543559259369 -0.95773565015971152 -0.18199703659448888 1.8659104664699844 0.96745593792038576 -0.19418537530814167 -0.16223762880116099 -7.4417796914668095 0 0 0 1</transform>
        <rotation_covariance>1.2327782460253788e-08 5.4238024317063682e-10 -3.0475080825831975e-09 5.42380243170636e-10 1.7170750608290655e-08 -1.8164307651974715e-09 -3.0475080825831979e-09 -1.8164307651974704e-09 1.0154500273299422e-08</rotation_covariance>
        <location_covariance>0.00030953118988448752 -7.3589306129992927e-05 6.9057977789759831e-05 -7.3589306129992927e-05 1.9016464700389174e-05 -1.7278664776605511e-05 6.9057977789759831e-05 -1.7278664776605511e-05 1.881252497153941e-05</location_covariance>
      </camera>
      <camera id="5" sensor_id="0" component_id="1" label="IMG_20190412_122425">
        <transform>-0.032616014593732048 -0.23245082341755294 0.97206111448021804 -12.579505187991849 -0.25970440402689765 -0.93720036183429145 -0.23282848688832419 2.5918794477344291 0.96513720170815887 -0.26004248973999311 -0.029800761882379012 -10.09848094289991 0 0 0 1</transform>
        <rotation_covariance>1.2686007891119023e-08 1.54076285409307e-09 -4.4660709850750813e-09 1.54076285409307e-09 1.7070693132115205e-08 -2.3519244875690045e-09 -4.4660709850750822e-09 -2.3519244875690037e-09 1.1281582914612234e-08</rotation_covariance>
        <location_covariance>0.00027537153324102919 -8.609650253624238e-05 0.00012607813859018369 -8.609650253624238e-05 2.8266301336818515e-05 -4.0397967566966706e-05 0.00012607813859018369 -4.0397967566966706e-05 6.1485405351462558e-05</location_covariance>
      </camera>
      <camera id="34" sensor_id="0" component_id="1" label="IMG_20190412_122425">
        <transform>-0.032616014593732298 -0.23245082341755291 0.97206111448021748 -12.579505187991849 -0.25970440402689765 -0.93720036183429145 -0.23282848688832472 2.5918794477344287 0.96513720170815875 -0.26004248973999311 -0.029800761882378728 -10.098480942899911 0 0 0 1</transform>
        <rotation_covariance>1.2686007891118924e-08 1.5407628540921965e-09 -4.466070985075222e-09 1.5407628540921969e-09 1.7070693132112456e-08 -2.3519244875691038e-09 -4.4660709850752228e-09 -2.3519244875691034e-09 1.128158291461233e-08</rotation_covariance>
        <location_covariance>0.00027537153324102702 -8.6096502536241865e-05 0.00012607813859017371 -8.6096502536241865e-05 2.82663013368184e-05 -4.0397967566963629e-05 0.00012607813859017371 -4.0397967566963629e-05 6.1485405351453288e-05</location_covariance>
      </camera>
      <camera id="6" sensor_id="0" component_id="1" label="IMG_20190412_122426">
        <transform>-0.15705146828007763 -0.22803803933904782 0.96090243465477498 -12.940099720804652 -0.22906397480413643 -0.93803206446340881 -0.26004911360249622 2.8821435272139171 0.9606583845249056 -0.26094922619719957 0.095084013320226451 -11.953756985859782 0 0 0 1</transform>
        <rotation_covariance>1.3850311786310095e-08 1.7931067723730986e-09 -5.5838476803278848e-09 1.7931067723730982e-09 1.6872289196300895e-08 -2.5976974870806414e-09 -5.5838476803278848e-09 -2.5976974870806431e-09 1.1798940256278199e-08</rotation_covariance>
        <location_covariance>0.00029250647876409125 -9.5573520007865003e-05 0.00017378145641391997 -9.5573520007865003e-05 3.2738268931828742e-05 -5.7973419724762212e-05 0.00017378145641391997 -5.7973419724762212e-05 0.00010812119226412501</location_covariance>
      </camera>
      <camera id="35" sensor_id="0" component_id="1" label="IMG_20190412_122426">
        <transform>-0.15705146828007738 -0.22803803933904854 0.96090243465477498 -12.940099720804655 -0.22906397480413634 -0.93803206446340914 -0.26004911360249633 2.8821435272139202 0.96065838452490571 -0.26094922619719951 0.095084013320226063 -11.953756985859778 0 0 0 1</transform>
        <rotation_covariance>1.3850311786310766e-08 1.7931067723732073e-09 -5.5838476803280221e-09 1.7931067723732065e-09 1.6872289196301781e-08 -2.597697487080598e-09 -5.5838476803280213e-09 -2.597697487080598e-09 1.1798940256278157e-08</rotation_covariance>
        <location_covariance>0.00029250647876408908 -9.5573520007866751e-05 0.0001737814564139242 -9.5573520007866751e-05 3.2738268931830151e-05 -5.7973419724764997e-05 0.0001737814564139242 -5.7973419724764997e-05 0.00010812119226413096</location_covariance>
      </camera>
      <camera id="7" sensor_id="0" component_id="1" label="IMG_20190412_122427">
        <transform>-0.36903004697013581 -0.21227030830839655 0.90485255188007163 -11.820339122037998 -0.24792230873182086 -0.91581043002420803 -0.31595218798413005 3.2980070614724033 0.89574067299989402 -0.34092898449608777 0.28533502109654074 -13.763767693632676 0 0 0 1</transform>
        <rotation_covariance>1.8063295091879638e-08 3.6408572044863374e-09 -6.4345953900023124e-09 3.6408572044863382e-09 1.977026844403991e-08 -2.0051481569209628e-09 -6.4345953900023116e-09 -2.0051481569209636e-09 1.2027225181273519e-08</rotation_covariance>
        <location_covariance>0.00024181439200780092 -9.5703904629983094e-05 0.00019655973695840263 -9.5703904629983094e-05 3.9736539168048086e-05 -7.9306943403195397e-05 0.00019655973695840263 -7.9306943403195397e-05 0.00016622739310443295</location_covariance>
      </camera>
      <camera id="36" sensor_id="0" component_id="1" label="IMG_20190412_122427">
        <transform>-0.36903004697013603 -0.21227030830839605 0.9048525518800713 -11.820339122038009 -0.2479223087318207 -0.91581043002420781 -0.31595218798412983 3.298007061472406 0.89574067299989346 -0.34092898449608783 0.2853350210965413 -13.763767693632682 0 0 0 1</transform>
        <rotation_covariance>1.8063295091880039e-08 3.6408572044870265e-09 -6.4345953900022793e-09 3.6408572044870269e-09 1.9770268444040936e-08 -2.0051481569211332e-09 -6.4345953900022793e-09 -2.0051481569211328e-09 1.2027225181273347e-08</rotation_covariance>
        <location_covariance>0.00024181439200780098 -9.5703904629982009e-05 0.00019655973695840431 -9.5703904629982009e-05 3.9736539168047327e-05 -7.9306943403195044e-05 0.00019655973695840431 -7.9306943403195044e-05 0.00016622739310443596</location_covariance>
      </camera>
      <camera id="8" sensor_id="0" component_id="1" label="IMG_20190412_122429">
        <transform>-0.516778207383919 -0.19173772926845153 0.83437217567943911 -11.734517176741972 -0.21390934403004247 -0.91476754995816145 -0.34269975500455113 3.7643869010142481 0.82896506374496837 -0.35557976983866846 0.43171744274673363 -15.73829841255759 0 0 0 1</transform>
        <rotation_covariance>1.9642746951555732e-08 3.8346260932340125e-09 -7.6086311966309467e-09 3.8346260932340109e-09 1.7580393958881483e-08 -2.4494850014514113e-09 -7.6086311966309467e-09 -2.4494850014514117e-09 1.1226820924553072e-08</rotation_covariance>
        <location_covariance>0.00023860783483924946 -0.00010497110306540087 0.00023707718867149437 -0.00010497110306540087 4.8366870060518753e-05 -0.00010634576528763371 0.00023707718867149437 -0.00010634576528763371 0.00024421217722071396</location_covariance>
      </camera>
      <camera id="37" sensor_id="0" component_id="1" label="IMG_20190412_122429">
        <transform>-0.516778207383919 -0.19173772926845156 0.83437217567943966 -11.734517176741974 -0.21390934403004258 -0.91476754995816156 -0.3426997550045513 3.7643869010142517 0.82896506374496892 -0.35557976983866835 0.43171744274673374 -15.73829841255759 0 0 0 1</transform>
        <rotation_covariance>1.964274695155641e-08 3.8346260932330356e-09 -7.6086311966310592e-09 3.8346260932330364e-09 1.7580393958881456e-08 -2.4494850014511743e-09 -7.6086311966310592e-09 -2.4494850014511739e-09 1.122682092455317e-08</rotation_covariance>
        <location_covariance>0.00023860783483925006 -0.00010497110306540249 0.00023707718867149266 -0.00010497110306540249 4.8366870060520237e-05 -0.00010634576528763426 0.00023707718867149266 -0.00010634576528763426 0.0002442121772207093</location_covariance>
      </camera>
      <camera id="9" sensor_id="0" component_id="1" label="IMG_20190412_122432">
        <transform>-0.53346213067990322 -0.16178775525061251 0.83020652694460662 -11.340634584206327 -0.21553470612473435 -0.92313133034054295 -0.31839179857437211 4.1298306114041221 0.81790155005732912 -0.34878828706633297 0.45758473009831863 -16.152408845033921 0 0 0 1</transform>
        <rotation_covariance>2.0859718574620242e-08 3.9361857854469467e-09 -7.863187720628906e-09 3.9361857854469459e-09 1.9089453591877254e-08 -2.398298011252109e-09 -7.8631877206289077e-09 -2.3982980112521082e-09 1.1729227673890741e-08</rotation_covariance>
        <location_covariance>0.00022220527590982513 -0.0001087311257869997 0.0002369688606355762 -0.0001087311257869997 5.5732652614226075e-05 -0.00011838979651218132 0.0002369688606355762 -0.00011838979651218132 0.00026264182116136984</location_covariance>
      </camera>
      <camera id="38" sensor_id="0" component_id="1" label="IMG_20190412_122432">
        <transform>-0.533462130679903 -0.16178775525061251 0.83020652694460628 -11.340634584206319 -0.21553470612473427 -0.92313133034054318 -0.3183917985743715 4.1298306114041221 0.81790155005732912 -0.34878828706633297 0.45758473009831868 -16.152408845033925 0 0 0 1</transform>
        <rotation_covariance>2.0859718574621691e-08 3.9361857854468475e-09 -7.8631877206291046e-09 3.9361857854468483e-09 1.9089453591877039e-08 -2.3982980112522918e-09 -7.8631877206291029e-09 -2.398298011252293e-09 1.1729227673890681e-08</rotation_covariance>
        <location_covariance>0.00022220527590982654 -0.00010873112578699948 0.00023696886063557764 -0.00010873112578699948 5.5732652614225479e-05 -0.0001183897965121809 0.00023696886063557764 -0.0001183897965121809 0.0002626418211613713</location_covariance>
      </camera>
      <camera id="10" sensor_id="0" component_id="1" label="IMG_20190412_122434">
        <transform>-0.7084899821909203 -0.14833486416395447 0.68995558785227051 -9.6891351812101014 -0.18288125976857639 -0.90567285964619448 -0.3825063608957936 4.94281694644528 0.68161307936436288 -0.39718187190976606 0.61453248137562688 -18.443377522260825 0 0 0 1</transform>
        <rotation_covariance>3.1405230619350606e-08 6.6623884645430339e-09 -7.528268275302818e-09 6.6623884645430306e-09 5.162960662218058e-08 4.1226102788557976e-09 -7.5282682753028163e-09 4.1226102788558e-09 1.3479236535955846e-08</rotation_covariance>
        <location_covariance>0.00016218817173756242 -0.0001055758655954918 0.00023768106068478855 -0.0001055758655954918 7.488038980429415e-05 -0.00016343012230897187 0.00023768106068478855 -0.00016343012230897187 0.00037775133390221632</location_covariance>
      </camera>
      <camera id="39" sensor_id="0" component_id="1" label="IMG_20190412_122434">
        <transform>-0.70848998219092008 -0.14833486416395386 0.68995558785227062 -9.6891351812100943 -0.18288125976857664 -0.90567285964619448 -0.38250636089579337 4.9428169464452756 0.68161307936436277 -0.39718187190976606 0.61453248137562677 -18.443377522260821 0 0 0 1</transform>
        <rotation_covariance>3.1405230619351288e-08 6.6623884645412033e-09 -7.5282682753030744e-09 6.6623884645412041e-09 5.1629606622180527e-08 4.1226102788565222e-09 -7.528268275303076e-09 4.1226102788565222e-09 1.347923653595597e-08</rotation_covariance>
        <location_covariance>0.00016218817173753783 -0.0001055758655954844 0.00023768106068477982 -0.0001055758655954844 7.4880389804295709e-05 -0.00016343012230898057 0.00023768106068477982 -0.00016343012230898057 0.00037775133390224739</location_covariance>
      </camera>
      <camera id="11" sensor_id="0" component_id="1" label="IMG_20190412_122435">
        <transform>-0.76077736154179898 -0.14240107787507683 0.63319802525396063 -9.2202620850565236 -0.16459056550473078 -0.90140574514435712 -0.40047175726582657 5.2319456386081251 0.62779594767116143 -0.40888826791773175 0.66233121053360133 -19.269812018121158 0 0 0 1</transform>
        <rotation_covariance>2.6808798722890227e-08 4.8883761385834116e-09 -8.3247194417280359e-09 4.8883761385834116e-09 1.9587536677878149e-08 -1.3329675419821646e-09 -8.3247194417280326e-09 -1.332967541982165e-09 9.8187948016677872e-09</rotation_covariance>
        <location_covariance>0.00014436059797270426 -0.00010528845476766103 0.0002404770299349818 -0.00010528845476766103 8.1344632983233631e-05 -0.0001813615186702895 0.0002404770299349818 -0.0001813615186702895 0.00042149588766846979</location_covariance>
      </camera>
      <camera id="40" sensor_id="0" component_id="1" label="IMG_20190412_122435">
        <transform>-0.76077736154179965 -0.14240107787507705 0.63319802525396096 -9.2202620850565236 -0.16459056550473058 -0.90140574514435745 -0.40047175726582684 5.2319456386081251 0.62779594767116154 -0.4088882679177317 0.66233121053360167 -19.269812018121151 0 0 0 1</transform>
        <rotation_covariance>2.6808798722888265e-08 4.8883761385841313e-09 -8.3247194417274833e-09 4.8883761385841321e-09 1.9587536677879764e-08 -1.3329675419821795e-09 -8.3247194417274833e-09 -1.3329675419821793e-09 9.818794801667779e-09</rotation_covariance>
        <location_covariance>0.00014436059797269822 -0.00010528845476765494 0.00024047702993498248 -0.00010528845476765494 8.1344632983227749e-05 -0.00018136151867028722 0.00024047702993498248 -0.00018136151867028722 0.00042149588766848942</location_covariance>
      </camera>
      <camera id="41" sensor_id="0" component_id="1" label="IMG_20190412_122437">
        <transform>-0.74112360621259854 -0.14264470887038064 0.65603985194934478 -9.1581262144410367 -0.18143317132186612 -0.89825532649523532 -0.40027412203017676 4.0804232808900132 0.6463882770119862 -0.41567999164528335 0.63983774496918611 -19.301422176175972 0 0 0 1</transform>
        <rotation_covariance>2.5961754087751917e-08 5.1329631158092208e-09 -8.4141597262665526e-09 5.1329631158092183e-09 1.9139020986737321e-08 -1.3965906705568281e-09 -8.4141597262665477e-09 -1.3965906705568281e-09 1.0087127650440559e-08</rotation_covariance>
        <location_covariance>0.00014203989610874911 -8.5639885820601967e-05 0.00023937090914780685 -8.5639885820601967e-05 5.5259092243418098e-05 -0.00014888124562391762 0.00023937090914780685 -0.00014888124562391762 0.00042292287481528114</location_covariance>
      </camera>
      <camera id="12" sensor_id="0" component_id="1" label="IMG_20190412_122437">
        <transform>-0.74112360621259843 -0.14264470887038055 0.65603985194934444 -9.1581262144410438 -0.18143317132186587 -0.89825532649523543 -0.40027412203017698 4.0804232808900167 0.64638827701198553 -0.41567999164528346 0.63983774496918677 -19.301422176175983 0 0 0 1</transform>
        <rotation_covariance>2.5961754087752533e-08 5.1329631158072455e-09 -8.4141597262669861e-09 5.1329631158072438e-09 1.9139020986734856e-08 -1.3965906705568509e-09 -8.4141597262669861e-09 -1.3965906705568521e-09 1.0087127650440733e-08</rotation_covariance>
        <location_covariance>0.00014203989610877011 -8.563988582060934e-05 0.00023937090914781468 -8.563988582060934e-05 5.5259092243419548e-05 -0.00014888124562391282 0.00023937090914781468 -0.00014888124562391282 0.00042292287481524347</location_covariance>
      </camera>
      <camera id="42" sensor_id="0" component_id="1" label="IMG_20190412_122439">
        <transform>-0.63677899961291839 -0.1675194172905265 0.7526285607672708 -10.081156930271929 -0.21110280718969118 -0.90093817423544786 -0.37913851163121115 3.4070056458786055 0.74158486395597567 -0.40030944410036118 0.53833469005392598 -18.236449193327047 0 0 0 1</transform>
        <rotation_covariance>2.306759602572114e-08 4.8071954706390181e-09 -8.456242840550777e-09 4.8071954706390206e-09 1.908671394057628e-08 -1.7959573791390079e-09 -8.4562428405507786e-09 -1.7959573791390082e-09 1.1168191854507701e-08</rotation_covariance>
        <location_covariance>0.00017355885017270723 -8.2701069523728564e-05 0.00024650441427973149 -8.2701069523728564e-05 4.2194201014134472e-05 -0.00012039557131215877 0.00024650441427973149 -0.00012039557131215877 0.00036425394116832539</location_covariance>
      </camera>
      <camera id="13" sensor_id="0" component_id="1" label="IMG_20190412_122439">
        <transform>-0.63677899961291884 -0.16751941729052688 0.75262856076727103 -10.081156930271925 -0.21110280718969113 -0.90093817423544842 -0.37913851163121098 3.4070056458786051 0.741584863955976 -0.4003094441003614 0.5383346900539262 -18.236449193327047 0 0 0 1</transform>
        <rotation_covariance>2.3067596025720356e-08 4.8071954706393209e-09 -8.4562428405503137e-09 4.8071954706393217e-09 1.9086713940578586e-08 -1.7959573791388082e-09 -8.4562428405503187e-09 -1.7959573791388082e-09 1.116819185450769e-08</rotation_covariance>
        <location_covariance>0.00017355885017270815 -8.2701069523730827e-05 0.00024650441427972921 -8.2701069523730827e-05 4.2194201014136525e-05 -0.00012039557131216069 0.00024650441427972921 -0.00012039557131216069 0.00036425394116831829</location_covariance>
      </camera>
      <camera id="43" sensor_id="0" component_id="1" label="IMG_20190412_122441">
        <transform>-0.48258402057885469 -0.18591655185047271 0.85589000393156667 -10.708314073654382 -0.2356171986863014 -0.91362955671236046 -0.33130887217941157 2.3804791658846778 0.84356220799960402 -0.36154677269975 0.397097887661503 -15.845874107360236 0 0 0 1</transform>
        <rotation_covariance>1.9026918082875896e-08 3.8396438757233878e-09 -7.6152108534674494e-09 3.8396438757233878e-09 1.7702333838394074e-08 -2.445212227396999e-09 -7.6152108534674494e-09 -2.445212227396999e-09 1.1827296806826994e-08</rotation_covariance>
        <location_covariance>0.00019632705616422748 -6.8259672553499137e-05 0.00021712565769134895 -6.8259672553499137e-05 2.551909909372394e-05 -7.7018419361066205e-05 0.00021712565769134895 -7.7018419361066205e-05 0.00024813722402508657</location_covariance>
      </camera>
      <camera id="14" sensor_id="0" component_id="1" label="IMG_20190412_122441">
        <transform>-0.4825840205788543 -0.18591655185047234 0.85589000393156744 -10.70831407365438 -0.23561719868630171 -0.91362955671236135 -0.33130887217941191 2.3804791658846756 0.84356220799960457 -0.36154677269974994 0.39709788766150261 -15.845874107360236 0 0 0 1</transform>
        <rotation_covariance>1.9026918082875827e-08 3.8396438757242109e-09 -7.6152108534673402e-09 3.8396438757242101e-09 1.7702333838394769e-08 -2.4452122273972496e-09 -7.6152108534673385e-09 -2.4452122273972488e-09 1.1827296806826842e-08</rotation_covariance>
        <location_covariance>0.00019632705616421945 -6.8259672553499883e-05 0.0002171256576913512 -6.8259672553499883e-05 2.5519099093725427e-05 -7.7018419361070894e-05 0.0002171256576913512 -7.7018419361070894e-05 0.00024813722402510175</location_covariance>
      </camera>
      <camera id="44" sensor_id="0" component_id="1" label="IMG_20190412_122442">
        <transform>-0.36106799613482465 -0.19057252619581566 0.91285925225443565 -11.428408981977139 -0.26052542527086497 -0.91930519268343103 -0.29496519369700958 1.608918623582674 0.89540851288929435 -0.34432553632373014 0.28228269532643724 -14.515018227577622 0 0 0 1</transform>
        <rotation_covariance>1.6966407122156453e-08 3.3761118670541399e-09 -6.6978841581176537e-09 3.3761118670541382e-09 1.7475646726722098e-08 -2.612480209745503e-09 -6.6978841581176545e-09 -2.6124802097455034e-09 1.2073873999178822e-08</rotation_covariance>
        <location_covariance>0.00022507732834343243 -5.7098557110997533e-05 0.00020533806972681371 -5.7098557110997533e-05 1.5962671688716041e-05 -5.3176183470092729e-05 0.00020533806972681371 -5.3176183470092729e-05 0.00019339959791485361</location_covariance>
      </camera>
      <camera id="15" sensor_id="0" component_id="1" label="IMG_20190412_122442">
        <transform>-0.36106799613482399 -0.19057252619581622 0.91285925225443565 -11.428408981977144 -0.26052542527086492 -0.91930519268343103 -0.29496519369700985 1.6089186235826798 0.89540851288929435 -0.34432553632373009 0.28228269532643657 -14.51501822757762 0 0 0 1</transform>
        <rotation_covariance>1.6966407122154958e-08 3.3761118670539521e-09 -6.6978841581175718e-09 3.3761118670539537e-09 1.747564672672092e-08 -2.612480209745414e-09 -6.6978841581175718e-09 -2.6124802097454157e-09 1.2073873999178949e-08</rotation_covariance>
        <location_covariance>0.00022507732834343763 -5.7098557110996036e-05 0.000205338069726811 -5.7098557110996036e-05 1.5962671688714761e-05 -5.317618347008928e-05 0.000205338069726811 -5.317618347008928e-05 0.00019339959791484366</location_covariance>
      </camera>
      <camera id="45" sensor_id="0" component_id="1" label="IMG_20190412_122443">
        <transform>-0.19007313033213416 -0.18071873368854238 0.96499375356514794 -11.948788713987396 -0.26775184935597485 -0.93611053823010715 -0.22804825669360754 0.60675637005053795 0.9445534142081109 -0.30172470815057212 0.12954168517991835 -12.334079816433066 0 0 0 1</transform>
        <rotation_covariance>1.4416583945738003e-08 2.4262574824776092e-09 -5.2979312273862148e-09 2.4262574824776092e-09 1.722135065292045e-08 -2.6898521283849401e-09 -5.2979312273862139e-09 -2.6898521283849401e-09 1.1846428477165745e-08</rotation_covariance>
        <location_covariance>0.00024698903092268881 -3.7991895384731727e-05 0.00016803994575485213 -3.7991895384731727e-05 7.0028163844861379e-06 -2.6601536024815471e-05 0.00016803994575485213 -2.6601536024815471e-05 0.0001184939075287755</location_covariance>
      </camera>
      <camera id="16" sensor_id="0" component_id="1" label="IMG_20190412_122443">
        <transform>-0.19007313033213424 -0.18071873368854255 0.96499375356514772 -11.948788713987401 -0.26775184935597474 -0.93611053823010781 -0.22804825669360801 0.60675637005053917 0.94455341420811101 -0.30172470815057223 0.12954168517991835 -12.334079816433068 0 0 0 1</transform>
        <rotation_covariance>1.4416583945737909e-08 2.4262574824783578e-09 -5.2979312273861271e-09 2.4262574824783586e-09 1.722135065292222e-08 -2.6898521283847673e-09 -5.2979312273861271e-09 -2.6898521283847677e-09 1.184642847716573e-08</rotation_covariance>
        <location_covariance>0.00024698903092269027 -3.7991895384730528e-05 0.00016803994575484896 -3.7991895384730528e-05 7.0028163844856949e-06 -2.6601536024814099e-05 0.00016803994575484896 -2.6601536024814099e-05 0.00011849390752877075</location_covariance>
      </camera>
      <camera id="46" sensor_id="0" component_id="1" label="IMG_20190412_122445">
        <transform>-0.061856898158185347 -0.1827778402480158 0.98120639279639787 -12.242259796848442 -0.2785773234654253 -0.94085794361019803 -0.19282376616078761 -0.13914461179189108 0.95841974051095591 -0.28526933073827093 0.0072807924741324359 -10.768845626260987 0 0 0 1</transform>
        <rotation_covariance>1.2687617883644027e-08 1.7447545607069816e-09 -4.2032695442108668e-09 1.7447545607069816e-09 1.5883271692764227e-08 -2.8250195602827555e-09 -4.2032695442108668e-09 -2.8250195602827555e-09 1.121415094591134e-08</rotation_covariance>
        <location_covariance>0.00025990029191801843 -2.2288447611300639e-05 0.00013757408101865929 -2.2288447611300639e-05 2.9458204689027338e-06 -1.2428658482622174e-05 0.00013757408101865929 -1.2428658482622174e-05 7.6045469062745129e-05</location_covariance>
      </camera>
      <camera id="17" sensor_id="0" component_id="1" label="IMG_20190412_122445">
        <transform>-0.061856898158185653 -0.1827778402480158 0.98120639279639799 -12.242259796848439 -0.2785773234654253 -0.94085794361019781 -0.19282376616078706 -0.13914461179189222 0.95841974051095569 -0.28526933073827088 0.0072807924741325469 -10.76884562626099 0 0 0 1</transform>
        <rotation_covariance>1.2687617883644086e-08 1.7447545607054286e-09 -4.2032695442110389e-09 1.7447545607054298e-09 1.5883271692759618e-08 -2.8250195602830512e-09 -4.2032695442110389e-09 -2.825019560283052e-09 1.1214150945911486e-08</rotation_covariance>
        <location_covariance>0.00025990029191801822 -2.2288447611300724e-05 0.00013757408101865829 -2.2288447611300724e-05 2.9458204689028028e-06 -1.2428658482622028e-05 0.00013757408101865829 -1.2428658482622028e-05 7.6045469062743502e-05</location_covariance>
      </camera>
      <camera id="18" sensor_id="0" component_id="1" label="IMG_20190412_122448">
